
; WSPR Data Packed 4 symbols per byte - MSBits first
; G4GCI/P IO90 37 (Generated from 'WSPRMSG.exe' W3PM January 2013)

3,1,0,2,0,0,2,0,1,0,2,2,1,1,3,0,2,2,1,0,2,1,0,1,1,3,1,2,2,2,2,2,
0,2,3,0,0,3,0,1,0,0,0,2,2,2,3,0,1,1,2,0,3,1,2,1,0,2,0,1,3,2,3,2,
2,0,0,1,3,0,1,2,3,0,3,2,1,0,0,3,2,2,1,2,3,3,0,2,2,1,1,2,3,2,3,0,
2,0,1,0,0,0,0,0,3,2,2,3,0,2,1,3,1,2,1,3,0,2,1,1,2,3,0,0,0,1,1,3,
2,0,2,0,0,1,0,1,2,0,3,3,0,0,2,2,2,0,0,3,1,0,3,2,1,1,0,2,0,3,1,0,
2,2,

de 0xD2, 0x08, 0x4A, 0x5C, 0xA4, 0x91, 0x76, 0xAA, 

dt 0x2C, 0x31, 0x02, 0xAC, 0x58, 0xD9, 0x21, 0xEE, 

dt 0x81, 0xC6, 0xCE, 0x43, 0xA6, 0xF2, 0x96, 0xEC, 

dt 0x84, 0x00, 0xEB, 0x27, 0x67, 0x25, 0xB0, 0x17, 

dt 0x88, 0x11, 0x8F, 0x0A, 0x83, 0x4E, 0x52, 0x34, 

dt 0xA0, ; End of WSPR data



3,1,0,0,0,0,2,0,1,2,0,2,3,1,1,2,0,0,1,0,2,3,2,3,3,1,3,2,2,2,2,2,
2,0,3,0,2,1,2,3,2,2,0,2,2,0,3,0,3,3,2,2,3,3,2,1,2,0,0,3,1,2,3,0,
0,0,2,3,3,0,1,0,1,2,3,2,3,0,2,1,2,0,1,2,3,1,0,0,0,1,3,2,1,2,1,2,
0,2,1,0,0,0,0,2,1,0,0,1,0,0,3,3,1,0,1,3,2,0,3,1,2,3,2,2,0,1,1,1,
2,0,0,2,0,1,0,3,2,0,3,3,0,2,2,0,2,2,0,3,1,0,3,0,1,1,2,0,0,3,1,2,
2,0,

de 0xD0, 0x08, 0x62, 0xD6, 0x04, 0xBB, 0xDE, 0xAA, 

dt 0x8C, 0x9B, 0xA2, 0x8C, 0xFA, 0xF9, 0x83, 0x6C, 

dt 0x0B, 0xC4, 0x6E, 0xC9, 0x86, 0xD0, 0x1E, 0x66, 

dt 0x24, 0x02, 0x41, 0x0F, 0x47, 0x8D, 0xBA, 0x15, 

dt 0x82, 0x13, 0x8F, 0x28, 0xA3, 0x4C, 0x58, 0x36, 

dt 0x80, ; End of WSPR data



